0.138739
0.0306016
0.0216801
0.0274125
0.0234588
0.0245935
0.0261607
0.0321908
0.0283966
0.0305072
0.0235107
0.0243415
0.0251355
0.0239785
0.0243878
0.0279106
0.0223174
0.0221239
0.028567
0.0217408
0.0229153
0.0227447
0.0250078
0.0233076
0.0266137
0.0281284
0.0278113
0.024189
0.0230489
0.0291787
0.022401
0.0273463
0.0271134
0.0239497
0.0240319
0.0220996
0.0330458
0.0239773
0.0211271
0.030298
0.0218838
0.0246541
0.0265336
0.0245904
0.026935
0.0210227
0.0259839
0.0310967
0.0304027
0.0303472
0.0323739
0.0282535
